   3.6982   3.6878   3.6854   3.6926   1.0000   4.0354
   3.8355   4.0864   4.0793   3.8192   1.0000   3.6019
   3.5374   3.5546   3.5464   3.6120   1.0000   3.1476
   3.1430   3.0882   3.0845   3.3067   1.0000   2.7964
   2.8654   2.7603   2.7636   3.0564   1.0000   1.6104
   1.9582   1.7466   1.7541   2.2298   1.0000   1.2842
   1.5298   1.1559   1.1700   1.7634   1.0000   1.2306
   1.4259   1.7197   1.7331   1.5550   1.0000   1.2866
   1.4907   1.1789   1.1897   1.5096   1.0000   1.8319
   1.7850   2.1557   2.1568   1.6884   1.0000   1.6920
   1.7567   2.0428   2.0364   1.6909   1.0000   1.6114
   1.6840   1.4482   1.4424   1.6704   1.0000   1.6487
   1.6857   1.8813   1.8767   1.6957   1.0000   1.1146
   1.3637   1.0723   1.0717   1.4359   1.0000   0.8340
   1.0511   0.8025   0.8054   1.1361   1.0000   0.7028
   0.9116   0.9789   0.9835   0.9739   1.0000   0.9957
   1.1482   0.8795   0.8854   1.1215   1.0000   1.0412
   1.1616   1.3765   1.3758   1.0904   1.0000   1.4649
   1.4773   1.3971   1.3936   1.3675   1.0000   1.0840
   1.2245   1.5178   1.5097   1.1878   1.0000   0.8524
   1.0457   0.5803   0.5776   1.0735   1.0000   0.8154
   0.9630   1.1077   1.1074   0.9917   1.0000   0.5770
   0.8490   0.5011   0.5044   0.8746   1.0000   0.7548
   0.8982   0.8088   0.8113   0.8662   1.0000   0.4228
   0.6580   0.8300   0.8291   0.6466   1.0000   0.3814
   0.6026   0.2403   0.2418   0.5901   1.0000   1.4577
   1.3667   1.5717   1.5717   1.2100   1.0000   1.6635
   1.7018   1.8718   1.8641   1.5165   1.0000   2.6569
   2.4206   2.2029   2.1907   2.1814   1.0000   2.6958
   2.5282   3.3442   3.3233   2.3872   1.0000   2.6957
   2.6668   1.9361   1.9234   2.6375   1.0000   2.5458
   2.4890   2.8226   2.8120   2.5354   1.0000   2.2935
   2.3997   1.9216   1.9200   2.4986   1.0000   2.2262
   2.2820   2.2118   2.2129   2.3621   1.0000   2.5098
   2.4906   2.4786   2.4802   2.5087   1.0000   2.6050
   2.5889   2.6789   2.6770   2.5739   1.0000   2.7359
   2.6753   2.6948   2.6901   2.6564   1.0000   3.0625
   2.9227   3.1007   3.0943   2.8935   1.0000   2.7930
   2.7969   2.8125   2.8056   2.8264   1.0000   3.4768
   3.2662   3.0698   3.0659   3.2390   1.0000   2.3633
   2.5179   2.9974   2.9890   2.6367   1.0000   2.4433
   2.4918   1.5600   1.5633   2.6224   1.0000   2.6174
   2.5509   3.3919   3.3927   2.6208   1.0000   2.8625
   2.9052   2.1696   2.1740   2.9003   1.0000   3.2500
   3.0486   3.6200   3.6138   2.9795   1.0000   3.0645
   3.0069   3.1366   3.1276   3.0114   1.0000   3.0385
   2.9727   2.8129   2.8068   3.0229   1.0000   2.6484
   2.6849   2.8203   2.8164   2.7978   1.0000   2.5082
   2.5807   2.1964   2.1988   2.6977   1.0000   2.3410
   2.4002   2.5544   2.5567   2.4980   1.0000   2.4752
   2.5025   2.3242   2.3276   2.5497   1.0000   2.8888
   2.7848   3.0059   3.0052   2.7545   1.0000   3.1358
   3.0251   3.1402   3.1348   2.9702   1.0000   3.5763
   3.3600   3.4629   3.4541   3.2895   1.0000   3.0536
   3.0306   3.2725   3.2611   3.0769   1.0000   3.5345
   3.3601   2.9467   2.9428   3.3957   1.0000   3.3940
   3.3078   3.8021   3.7964   3.3581   1.0000   3.6206
   3.5294   2.9194   2.9180   3.5538   1.0000   3.5780
   3.4173   4.0366   4.0294   3.4522   1.0000   3.6020
   3.5201   3.1928   3.1896   3.5767   1.0000   3.6470
   3.5075   3.7339   3.7296   3.5593   1.0000   3.6948
   3.5851   3.5206   3.5176   3.6377   1.0000   3.6997
   3.5785   3.6560   3.6523   3.6304   1.0000   3.2234
   3.2287   3.2686   3.2651   3.3461   1.0000   3.2697
   3.2077   3.0520   3.0528   3.3189   1.0000   2.9119
   2.9512   3.1494   3.1502   3.0763   1.0000   3.0960
   3.0656   2.7204   2.7242   3.1363   1.0000   2.3393
   2.4612   2.9089   2.9075   2.5945   1.0000   2.0555
   2.1994   1.6641   1.6693   2.3564   1.0000   2.5463
   2.4747   2.8532   2.8582   2.5223   1.0000   3.0223
   2.9629   2.8490   2.8512   2.8996   1.0000   2.7239
   2.7081   2.9429   2.9350   2.6790   1.0000   2.1524
   2.2178   2.2786   2.2709   2.3225   1.0000   2.2996
   2.3104   2.1701   2.1710   2.4189   1.0000   2.5327
   2.5560   2.4727   2.4763   2.5845   1.0000   2.4832
   2.5168   2.4369   2.4362   2.5116   1.0000   2.4891
   2.4476   2.6584   2.6536   2.4571   1.0000   2.5714
   2.5414   2.5960   2.5922   2.5654   1.0000   2.5781
   2.5825   2.4896   2.4869   2.6072   1.0000   3.1339
   2.9804   2.9798   2.9768   2.9399   1.0000   2.9397
   2.9028   3.1723   3.1647   2.8983   1.0000   2.5087
   2.5685   2.2781   2.2727   2.6528   1.0000   1.7195
   1.8974   2.0352   2.0336   2.0937   1.0000   2.3685
   2.3652   1.8563   1.8656   2.4474   1.0000   2.5490
   2.5515   2.9833   2.9858   2.5246   1.0000   2.6392
   2.6316   2.3126   2.3100   2.5799   1.0000   2.0137
   2.0617   2.6671   2.6576   2.1276   1.0000   1.8263
   1.9531   1.4527   1.4533   2.0800   1.0000   1.6634
   1.7995   1.8829   1.8867   1.9025   1.0000   2.0620
   2.1109   1.7717   1.7776   2.1102   1.0000   1.9385
   1.9925   2.3816   2.3793   1.9706   1.0000   1.4588
   1.6282   1.4259   1.4230   1.6820   1.0000   1.5094
   1.5757   1.6360   1.6358   1.6343   1.0000   2.0431
   2.0444   1.9679   1.9704   2.0120   1.0000   1.7790
   1.9023   1.9177   1.9148   1.8703   1.0000   1.5461
   1.6375   1.5472   1.5426   1.6590   1.0000   1.5564
   1.6179   1.7929   1.7906   1.6608   1.0000   1.5407
   1.6857   1.3864   1.3883   1.7104   1.0000   1.2027
   1.3854   1.3516   1.3517   1.4208   1.0000   1.0704
   1.2256   1.1546   1.1556   1.2695   1.0000   1.1576
   1.2862   1.2879   1.2900   1.2973   1.0000   1.0465
   1.2267   1.1149   1.1162   1.2197   1.0000   1.3990
   1.4412   1.3994   1.3990   1.3796   1.0000   1.4838
   1.5406   1.7713   1.7668   1.4724   1.0000   1.4056
   1.5148   1.2918   1.2872   1.4779   1.0000   0.7807
   1.0018   1.0991   1.0942   1.0627   1.0000   1.0924
   1.2053   0.8034   0.8065   1.2331   1.0000   1.0425
   1.2052   1.4256   1.4270   1.1918   1.0000   1.5214
   1.5744   1.1450   1.1461   1.4805   1.0000   1.4786
   1.5089   2.0902   2.0824   1.4276   1.0000   1.8586
   1.8574   1.4647   1.4595   1.7774   1.0000   1.9454
   1.9264   2.2964   2.2877   1.8644   1.0000   1.3842
   1.5830   1.2264   1.2207   1.6248   1.0000   1.3187
   1.4223   1.3124   1.3112   1.4887   1.0000   1.2716
   1.4247   1.4237   1.4261   1.4737   1.0000   1.4183
   1.5505   1.2253   1.2289   1.5369   1.0000   1.2835
   1.3951   1.6442   1.6422   1.3757   1.0000   1.6587
   1.6769   1.5306   1.5290   1.6243   1.0000   2.8978
   2.6363   2.8850   2.8800   2.4418   1.0000   2.7679
   2.7189   2.9533   2.9389   2.5757   1.0000   2.2668
   2.2894   2.0277   2.0133   2.3078   1.0000   1.8389
   1.9046   2.1165   2.1093   2.0528   1.0000   1.7183
   1.9100   1.2993   1.3055   2.0511   1.0000   1.3664
   1.5866   1.5029   1.5094   1.6855   1.0000   1.4637
   1.5785   1.4730   1.4785   1.6143   1.0000   1.9957
   1.9599   2.2198   2.2211   1.8974   1.0000   1.7616
   1.8689   1.9191   1.9148   1.8264   1.0000   1.4133
   1.5352   1.4209   1.4157   1.5665   1.0000   1.7212
   1.7252   1.8179   1.8164   1.7429   1.0000   1.7834
   1.8842   1.7618   1.7619   1.8712   1.0000   0.5350
   0.9187   0.7552   0.7531   1.0385   1.0000   0.5165
   0.7042   0.4064   0.4119   0.8292   1.0000   0.8307
   0.9873   1.2430   1.2512   1.0059   1.0000   1.0721
   1.2609   0.7550   0.7609   1.1677   1.0000   1.7974
   1.6717   2.1421   2.1362   1.4821   1.0000   1.9743
   1.9279   2.2422   2.2296   1.7802   1.0000   2.3021
   2.2253   1.9733   1.9617   2.1166   1.0000   2.3052
   2.2514   2.5158   2.5036   2.2093   1.0000   2.4045
   2.4016   2.0295   2.0230   2.3975   1.0000   3.2329
   3.0066   3.1038   3.0982   2.9210   1.0000   3.3409
   3.2226   3.3908   3.3808   3.1454   1.0000   3.1706
   3.0918   2.9091   2.8982   3.0927   1.0000   3.5303
   3.3113   3.5486   3.5400   3.3312   1.0000   3.8505
   3.6893   3.6088   3.6038   3.6874   1.0000   3.9362
   3.7786   3.7032   3.6963   3.7695   1.0000   3.7458
   3.6049   3.8095   3.8006   3.6581   1.0000   3.2482
   3.2511   3.1759   3.1713   3.4000   1.0000   3.7512
   3.5849   3.3874   3.3895   3.6616   1.0000   3.9870
   3.8269   4.1291   4.1277   3.8311   1.0000   3.8570
   3.7552   3.5912   3.5863   3.7722   1.0000   3.7071
   3.5492   3.9038   3.8961   3.6239   1.0000   3.3249
   3.3218   3.2383   3.2358   3.4681   1.0000   3.5900
   3.4868   3.2672   3.2697   3.5753   1.0000   3.7330
   3.6056   3.8793   3.8787   3.6379   1.0000   3.5088
   3.4614   3.3697   3.3667   3.5141   1.0000   3.5485
   3.4086   3.5923   3.5881   3.4751   1.0000   3.4965
   3.4180   3.4990   3.4966   3.4983   1.0000   3.8814
   3.7142   3.5594   3.5585   3.7335   1.0000   4.1752
   3.9413   4.2778   4.2720   3.9202   1.0000   4.1169
   3.9510   3.9508   3.9427   3.9658   1.0000   4.3189
   4.0662   4.1915   4.1835   4.0974   1.0000   3.9497
   3.8560   3.9820   3.9754   3.9581   1.0000   4.0779
   3.9299   3.6211   3.6199   4.0206   1.0000   3.8050
   3.7146   4.0683   4.0656   3.8232   1.0000   3.1480
   3.2395   2.8967   2.8978   3.4167   1.0000   3.1527
   3.1021   3.1864   3.1902   3.2525   1.0000   2.8652
   2.9331   3.0220   3.0268   3.0680   1.0000   2.4260
   2.5617   2.3002   2.3053   2.6973   1.0000   2.7689
   2.6914   2.9086   2.9122   2.7519   1.0000   2.3854
   2.4884   2.6623   2.6631   2.5612   1.0000   2.7729
   2.7147   2.3734   2.3751   2.7238   1.0000   3.1042
   2.9476   3.5907   3.5857   2.9120   1.0000   2.9551
   2.9578   2.6508   2.6456   2.9595   1.0000   3.3821
   3.1749   3.3538   3.3469   3.1566   1.0000   3.0657
   3.0423   3.2659   3.2585   3.0935   1.0000   2.7861
   2.8292   2.3677   2.3654   2.9306   1.0000   2.8454
   2.7861   3.0511   3.0501   2.8758   1.0000   3.1758
   3.1144   2.9270   2.9288   3.1379   1.0000   2.9817
   2.9655   3.1147   3.1114   2.9874   1.0000   3.1381
   3.0329   3.0061   3.0021   3.0582   1.0000   2.8164
   2.8164   3.0867   3.0819   2.8967   1.0000   3.0027
   2.9648   2.5681   2.5685   3.0236   1.0000   3.9689
   3.6569   4.0186   4.0161   3.5801   1.0000   3.7088
   3.6256   3.7784   3.7689   3.5881   1.0000   3.0945
   3.0825   2.9075   2.8977   3.1817   1.0000   3.2828
   3.1395   3.3521   3.3489   3.2654   1.0000   3.2650
   3.2764   3.0652   3.0680   3.3678   1.0000   3.4597
   3.3745   3.1779   3.1788   3.3922   1.0000   3.7942
   3.5692   4.0398   4.0342   3.5502   1.0000   3.4353
   3.3948   3.4128   3.4059   3.4489   1.0000   3.6943
   3.5239   3.3947   3.3907   3.5736   1.0000   3.4875
   3.4120   3.7445   3.7399   3.4923   1.0000   3.0384
   3.1047   2.6725   2.6722   3.2352   1.0000   3.3086
   3.1789   3.3683   3.3690   3.2621   1.0000   2.0596
   2.3378   2.4308   2.4313   2.5447   1.0000   2.1695
   2.2527   1.5584   1.5677   2.4131   1.0000   3.0337
   2.8482   3.6422   3.6473   2.8330   1.0000   3.7771
   3.6174   3.2710   3.2707   3.4602   1.0000   3.8601
   3.5920   4.2183   4.2018   3.4638   1.0000   3.7035
   3.5128   3.6589   3.6426   3.5331   1.0000   3.5976
   3.4874   3.3817   3.3735   3.5905   1.0000   3.9445
