3.88269534007356	3.48115231751265	3.3670854210808	3.35267184662154	3.52860360407897	3.50327807098005	1	4.03544034456818
4.03544034456818	3.88269534007356	3.48115231751265	3.3670854210808	3.35267184662154	3.52860360407897	1	3.60185022641056
3.60185022641056	4.03544034456818	3.88269534007356	3.48115231751265	3.3670854210808	3.35267184662154	1	3.1475984220497
3.1475984220497	3.60185022641056	4.03544034456818	3.88269534007356	3.48115231751265	3.3670854210808	1	2.79638318977356
2.79638318977356	3.1475984220497	3.60185022641056	4.03544034456818	3.88269534007356	3.48115231751265	1	1.61038339969359
1.61038339969359	2.79638318977356	3.1475984220497	3.60185022641056	4.03544034456818	3.88269534007356	1	1.28418450688457
1.28418450688457	1.61038339969359	2.79638318977356	3.1475984220497	3.60185022641056	4.03544034456818	1	1.23061110895487
1.23061110895487	1.28418450688457	1.61038339969359	2.79638318977356	3.1475984220497	3.60185022641056	1	1.28658362893381
1.28658362893381	1.23061110895487	1.28418450688457	1.61038339969359	2.79638318977356	3.1475984220497	1	1.83192313895122
1.83192313895122	1.28658362893381	1.23061110895487	1.28418450688457	1.61038339969359	2.79638318977356	1	1.69199438092912
1.69199438092912	1.83192313895122	1.28658362893381	1.23061110895487	1.28418450688457	1.61038339969359	1	1.61143554725537
1.61143554725537	1.69199438092912	1.83192313895122	1.28658362893381	1.23061110895487	1.28418450688457	1	1.64865721389368
1.64865721389368	1.61143554725537	1.69199438092912	1.83192313895122	1.28658362893381	1.23061110895487	1	1.11460706422818
1.11460706422818	1.64865721389368	1.61143554725537	1.69199438092912	1.83192313895122	1.28658362893381	1	0.833952299458014
0.833952299458014	1.11460706422818	1.64865721389368	1.61143554725537	1.69199438092912	1.83192313895122	1	0.702824210759314
0.702824210759314	0.833952299458014	1.11460706422818	1.64865721389368	1.61143554725537	1.69199438092912	1	0.995665247317974
0.995665247317974	0.702824210759314	0.833952299458014	1.11460706422818	1.64865721389368	1.61143554725537	1	1.04122671486727
1.04122671486727	0.995665247317974	0.702824210759314	0.833952299458014	1.11460706422818	1.64865721389368	1	1.46489479480231
1.46489479480231	1.04122671486727	0.995665247317974	0.702824210759314	0.833952299458014	1.11460706422818	1	1.08400175443805
1.08400175443805	1.46489479480231	1.04122671486727	0.995665247317974	0.702824210759314	0.833952299458014	1	0.852377657099354
0.852377657099354	1.08400175443805	1.46489479480231	1.04122671486727	0.995665247317974	0.702824210759314	1	0.815391354550574
0.815391354550574	0.852377657099354	1.08400175443805	1.46489479480231	1.04122671486727	0.995665247317974	1	0.576992812568164
0.576992812568164	0.815391354550574	0.852377657099354	1.08400175443805	1.46489479480231	1.04122671486727	1	0.754804982544144
0.754804982544144	0.576992812568164	0.815391354550574	0.852377657099354	1.08400175443805	1.46489479480231	1	0.422758831496854
0.422758831496854	0.754804982544144	0.576992812568164	0.815391354550574	0.852377657099354	1.08400175443805	1	0.381357837010854
0.381357837010854	0.422758831496854	0.754804982544144	0.576992812568164	0.815391354550574	0.852377657099354	1	1.45774286585887
1.45774286585887	0.381357837010854	0.422758831496854	0.754804982544144	0.576992812568164	0.815391354550574	1	1.66347207370494
1.66347207370494	1.45774286585887	0.381357837010854	0.422758831496854	0.754804982544144	0.576992812568164	1	2.65686209442182
2.65686209442182	1.66347207370494	1.45774286585887	0.381357837010854	0.422758831496854	0.754804982544144	1	2.69578600461949
2.69578600461949	2.65686209442182	1.66347207370494	1.45774286585887	0.381357837010854	0.422758831496854	1	2.69570236296442
2.69570236296442	2.69578600461949	2.65686209442182	1.66347207370494	1.45774286585887	0.381357837010854	1	2.54577090758416
2.54577090758416	2.69570236296442	2.69578600461949	2.65686209442182	1.66347207370494	1.45774286585887	1	2.29349801307061
2.29349801307061	2.54577090758416	2.69570236296442	2.69578600461949	2.65686209442182	1.66347207370494	1	2.22621624116729
2.22621624116729	2.29349801307061	2.54577090758416	2.69570236296442	2.69578600461949	2.65686209442182	1	2.50975592841541
2.50975592841541	2.22621624116729	2.29349801307061	2.54577090758416	2.69570236296442	2.69578600461949	1	2.60502553440076
2.60502553440076	2.50975592841541	2.22621624116729	2.29349801307061	2.54577090758416	2.69570236296442	1	2.73592408102182
2.73592408102182	2.60502553440076	2.50975592841541	2.22621624116729	2.29349801307061	2.54577090758416	1	3.06247043896293
3.06247043896293	2.73592408102182	2.60502553440076	2.50975592841541	2.22621624116729	2.29349801307061	1	2.79300234746976
2.79300234746976	3.06247043896293	2.73592408102182	2.60502553440076	2.50975592841541	2.22621624116729	1	3.47677416251035
3.47677416251035	2.79300234746976	3.06247043896293	2.73592408102182	2.60502553440076	2.50975592841541	1	2.36330382077421
2.36330382077421	3.47677416251035	2.79300234746976	3.06247043896293	2.73592408102182	2.60502553440076	1	2.44332879074137
2.44332879074137	2.36330382077421	3.47677416251035	2.79300234746976	3.06247043896293	2.73592408102182	1	2.61743332085993
2.61743332085993	2.44332879074137	2.36330382077421	3.47677416251035	2.79300234746976	3.06247043896293	1	2.86251146941885
2.86251146941885	2.61743332085993	2.44332879074137	2.36330382077421	3.47677416251035	2.79300234746976	1	3.25003823992004
3.25003823992004	2.86251146941885	2.61743332085993	2.44332879074137	2.36330382077421	3.47677416251035	1	3.06451279267348
3.06451279267348	3.25003823992004	2.86251146941885	2.61743332085993	2.44332879074137	2.36330382077421	1	3.03845564254207
3.03845564254207	3.06451279267348	3.25003823992004	2.86251146941885	2.61743332085993	2.44332879074137	1	2.64839983896985
2.64839983896985	3.03845564254207	3.06451279267348	3.25003823992004	2.86251146941885	2.61743332085993	1	2.50824491188703
2.50824491188703	2.64839983896985	3.03845564254207	3.06451279267348	3.25003823992004	2.86251146941885	1	2.34102395343041
2.34102395343041	2.50824491188703	2.64839983896985	3.03845564254207	3.06451279267348	3.25003823992004	1	2.47520478916003
2.47520478916003	2.34102395343041	2.50824491188703	2.64839983896985	3.03845564254207	3.06451279267348	1	2.88884233488575
2.88884233488575	2.47520478916003	2.34102395343041	2.50824491188703	2.64839983896985	3.03845564254207	1	3.1357696735368
3.1357696735368	2.88884233488575	2.47520478916003	2.34102395343041	2.50824491188703	2.64839983896985	1	3.57626388832523
3.57626388832523	3.1357696735368	2.88884233488575	2.47520478916003	2.34102395343041	2.50824491188703	1	3.05355736690419
3.05355736690419	3.57626388832523	3.1357696735368	2.88884233488575	2.47520478916003	2.34102395343041	1	3.53453813763275
3.53453813763275	3.05355736690419	3.57626388832523	3.1357696735368	2.88884233488575	2.47520478916003	1	3.39398610293148
3.39398610293148	3.53453813763275	3.05355736690419	3.57626388832523	3.1357696735368	2.88884233488575	1	3.62056893282654
3.62056893282654	3.39398610293148	3.53453813763275	3.05355736690419	3.57626388832523	3.1357696735368	1	3.57802126631442
3.57802126631442	3.62056893282654	3.39398610293148	3.53453813763275	3.05355736690419	3.57626388832523	1	3.60201930763939
3.60201930763939	3.57802126631442	3.62056893282654	3.39398610293148	3.53453813763275	3.05355736690419	1	3.64699480773788
3.64699480773788	3.60201930763939	3.57802126631442	3.62056893282654	3.39398610293148	3.53453813763275	1	3.69475770240074
3.69475770240074	3.64699480773788	3.60201930763939	3.57802126631442	3.62056893282654	3.39398610293148	1	3.69969596573542
3.69969596573542	3.69475770240074	3.64699480773788	3.60201930763939	3.57802126631442	3.62056893282654	1	3.2234358590056
3.2234358590056	3.69969596573542	3.69475770240074	3.64699480773788	3.60201930763939	3.57802126631442	1	3.26973727693085
3.26973727693085	3.2234358590056	3.69969596573542	3.69475770240074	3.64699480773788	3.60201930763939	1	2.91187140133154
2.91187140133154	3.26973727693085	3.2234358590056	3.69969596573542	3.69475770240074	3.64699480773788	1	3.09602393192687
3.09602393192687	2.91187140133154	3.26973727693085	3.2234358590056	3.69969596573542	3.69475770240074	1	2.33927126817414
2.33927126817414	3.09602393192687	2.91187140133154	3.26973727693085	3.2234358590056	3.69969596573542	1	2.05545908937694
2.05545908937694	2.33927126817414	3.09602393192687	2.91187140133154	3.26973727693085	3.2234358590056	1	2.54629137543759
2.54629137543759	2.05545908937694	2.33927126817414	3.09602393192687	2.91187140133154	3.26973727693085	1	3.02226806259205
3.02226806259205	2.54629137543759	2.05545908937694	2.33927126817414	3.09602393192687	2.91187140133154	1	2.72385174227038
2.72385174227038	3.02226806259205	2.54629137543759	2.05545908937694	2.33927126817414	3.09602393192687	1	2.15244238837374
2.15244238837374	2.72385174227038	3.02226806259205	2.54629137543759	2.05545908937694	2.33927126817414	1	2.29957894406278
2.29957894406278	2.15244238837374	2.72385174227038	3.02226806259205	2.54629137543759	2.05545908937694	1	2.53270893296535
2.53270893296535	2.29957894406278	2.15244238837374	2.72385174227038	3.02226806259205	2.54629137543759	1	2.48317871885019
2.48317871885019	2.53270893296535	2.29957894406278	2.15244238837374	2.72385174227038	3.02226806259205	1	2.48910307007425
2.48910307007425	2.48317871885019	2.53270893296535	2.29957894406278	2.15244238837374	2.72385174227038	1	2.57139357358784
2.57139357358784	2.48910307007425	2.48317871885019	2.53270893296535	2.29957894406278	2.15244238837374	1	2.57808612950546
2.57808612950546	2.57139357358784	2.48910307007425	2.48317871885019	2.53270893296535	2.29957894406278	1	3.13390412133839
3.13390412133839	2.57808612950546	2.57139357358784	2.48910307007425	2.48317871885019	2.53270893296535	1	2.93974433209895
2.93974433209895	3.13390412133839	2.57808612950546	2.57139357358784	2.48910307007425	2.48317871885019	1	2.50866789561309
2.50866789561309	2.93974433209895	3.13390412133839	2.57808612950546	2.57139357358784	2.48910307007425	1	1.71950678975585
1.71950678975585	2.50866789561309	2.93974433209895	3.13390412133839	2.57808612950546	2.57139357358784	1	2.36854843031776
2.36854843031776	1.71950678975585	2.50866789561309	2.93974433209895	3.13390412133839	2.57808612950546	1	2.54903560581005
2.54903560581005	2.36854843031776	1.71950678975585	2.50866789561309	2.93974433209895	3.13390412133839	1	2.63924147981634
2.63924147981634	2.54903560581005	2.36854843031776	1.71950678975585	2.50866789561309	2.93974433209895	1	2.0137026040026
2.0137026040026	2.63924147981634	2.54903560581005	2.36854843031776	1.71950678975585	2.50866789561309	1	1.82627280603718
1.82627280603718	2.0137026040026	2.63924147981634	2.54903560581005	2.36854843031776	1.71950678975585	1	1.66342984954718
1.66342984954718	1.82627280603718	2.0137026040026	2.63924147981634	2.54903560581005	2.36854843031776	1	2.06195320504452
2.06195320504452	1.66342984954718	1.82627280603718	2.0137026040026	2.63924147981634	2.54903560581005	1	1.93853648784004
1.93853648784004	2.06195320504452	1.66342984954718	1.82627280603718	2.0137026040026	2.63924147981634	1	1.45883113956996
1.45883113956996	1.93853648784004	2.06195320504452	1.66342984954718	1.82627280603718	2.0137026040026	1	1.50937739303395
1.50937739303395	1.45883113956996	1.93853648784004	2.06195320504452	1.66342984954718	1.82627280603718	1	2.04314566878812
2.04314566878812	1.50937739303395	1.45883113956996	1.93853648784004	2.06195320504452	1.66342984954718	1	1.77901291270705
1.77901291270705	2.04314566878812	1.50937739303395	1.45883113956996	1.93853648784004	2.06195320504452	1	1.5461308181188
1.5461308181188	1.77901291270705	2.04314566878812	1.50937739303395	1.45883113956996	1.93853648784004	1	1.55639192303205
1.55639192303205	1.5461308181188	1.77901291270705	2.04314566878812	1.50937739303395	1.45883113956996	1	1.54073186694513
1.54073186694513	1.55639192303205	1.5461308181188	1.77901291270705	2.04314566878812	1.50937739303395	1	1.20268687648959
1.20268687648959	1.54073186694513	1.55639192303205	1.5461308181188	1.77901291270705	2.04314566878812	1	1.07040950042277
1.07040950042277	1.20268687648959	1.54073186694513	1.55639192303205	1.5461308181188	1.77901291270705	1	1.15763235116655
1.15763235116655	1.07040950042277	1.20268687648959	1.54073186694513	1.55639192303205	1.5461308181188	1	1.04650463640485
1.04650463640485	1.15763235116655	1.07040950042277	1.20268687648959	1.54073186694513	1.55639192303205	1	1.39902760565499
1.39902760565499	1.04650463640485	1.15763235116655	1.07040950042277	1.20268687648959	1.54073186694513	1	1.48376944549389
1.48376944549389	1.39902760565499	1.04650463640485	1.15763235116655	1.07040950042277	1.20268687648959	1	1.40559191454443
1.40559191454443	1.48376944549389	1.39902760565499	1.04650463640485	1.15763235116655	1.07040950042277	1	0.780718196985004
0.780718196985004	1.40559191454443	1.48376944549389	1.39902760565499	1.04650463640485	1.15763235116655	1	1.09243240174153
1.09243240174153	0.780718196985004	1.40559191454443	1.48376944549389	1.39902760565499	1.04650463640485	1	1.04249540851128
1.04249540851128	1.09243240174153	0.780718196985004	1.40559191454443	1.48376944549389	1.39902760565499	1	1.52138264899883
1.52138264899883	1.04249540851128	1.09243240174153	0.780718196985004	1.40559191454443	1.48376944549389	1	1.47860679086141
1.47860679086141	1.52138264899883	1.04249540851128	1.09243240174153	0.780718196985004	1.40559191454443	1	1.85859705239042
1.85859705239042	1.47860679086141	1.52138264899883	1.04249540851128	1.09243240174153	0.780718196985004	1	1.94542539706687
1.94542539706687	1.85859705239042	1.47860679086141	1.52138264899883	1.04249540851128	1.09243240174153	1	1.38419067728615
1.38419067728615	1.94542539706687	1.85859705239042	1.47860679086141	1.52138264899883	1.04249540851128	1	1.31872006109061
1.31872006109061	1.38419067728615	1.94542539706687	1.85859705239042	1.47860679086141	1.52138264899883	1	1.27158941498134
1.27158941498134	1.31872006109061	1.38419067728615	1.94542539706687	1.85859705239042	1.47860679086141	1	1.41832204254191
1.41832204254191	1.27158941498134	1.31872006109061	1.38419067728615	1.94542539706687	1.85859705239042	1	1.28354642089992
1.28354642089992	1.41832204254191	1.27158941498134	1.31872006109061	1.38419067728615	1.94542539706687	1	1.65873723580386
1.65873723580386	1.28354642089992	1.41832204254191	1.27158941498134	1.31872006109061	1.38419067728615	1	2.89777684814767
2.89777684814767	1.65873723580386	1.28354642089992	1.41832204254191	1.27158941498134	1.31872006109061	1	2.76787995551114
2.76787995551114	2.89777684814767	1.65873723580386	1.28354642089992	1.41832204254191	1.27158941498134	1	2.26684224282501
2.26684224282501	2.76787995551114	2.89777684814767	1.65873723580386	1.28354642089992	1.41832204254191	1	1.83893863551241
1.83893863551241	2.26684224282501	2.76787995551114	2.89777684814767	1.65873723580386	1.28354642089992	1	1.71826425167082
1.71826425167082	1.83893863551241	2.26684224282501	2.76787995551114	2.89777684814767	1.65873723580386	1	1.36635570501593
1.36635570501593	1.71826425167082	1.83893863551241	2.26684224282501	2.76787995551114	2.89777684814767	1	1.46372924049408
1.46372924049408	1.36635570501593	1.71826425167082	1.83893863551241	2.26684224282501	2.76787995551114	1	1.99570699124079
1.99570699124079	1.46372924049408	1.36635570501593	1.71826425167082	1.83893863551241	2.26684224282501	1	1.76162835537685
1.76162835537685	1.99570699124079	1.46372924049408	1.36635570501593	1.71826425167082	1.83893863551241	1	1.41333666282891
1.41333666282891	1.76162835537685	1.99570699124079	1.46372924049408	1.36635570501593	1.71826425167082	1	1.72123008510803
1.72123008510803	1.41333666282891	1.76162835537685	1.99570699124079	1.46372924049408	1.36635570501593	1	1.78335028332955
1.78335028332955	1.72123008510803	1.41333666282891	1.76162835537685	1.99570699124079	1.46372924049408	1	0.535039289616994
0.535039289616994	1.78335028332955	1.72123008510803	1.41333666282891	1.76162835537685	1.99570699124079	1	0.516471577166634
0.516471577166634	0.535039289616994	1.78335028332955	1.72123008510803	1.41333666282891	1.76162835537685	1	0.830720816713774
0.830720816713774	0.516471577166634	0.535039289616994	1.78335028332955	1.72123008510803	1.41333666282891	1	1.07207505825738
1.07207505825738	0.830720816713774	0.516471577166634	0.535039289616994	1.78335028332955	1.72123008510803	1	1.79737710413718
1.79737710413718	1.07207505825738	0.830720816713774	0.516471577166634	0.535039289616994	1.78335028332955	1	1.97427165016378
1.97427165016378	1.79737710413718	1.07207505825738	0.830720816713774	0.516471577166634	0.535039289616994	1	2.30211180452116
2.30211180452116	1.97427165016378	1.79737710413718	1.07207505825738	0.830720816713774	0.516471577166634	1	2.30516170406112
2.30516170406112	2.30211180452116	1.97427165016378	1.79737710413718	1.07207505825738	0.830720816713774	1	2.40451331823077
2.40451331823077	2.30516170406112	2.30211180452116	1.97427165016378	1.79737710413718	1.07207505825738	1	3.2328800611714
3.2328800611714	2.40451331823077	2.30516170406112	2.30211180452116	1.97427165016378	1.79737710413718	1	3.34089777871879
3.34089777871879	3.2328800611714	2.40451331823077	2.30516170406112	2.30211180452116	1.97427165016378	1	3.1706435778856
3.1706435778856	3.34089777871879	3.2328800611714	2.40451331823077	2.30516170406112	2.30211180452116	1	3.53032171958799
3.53032171958799	3.1706435778856	3.34089777871879	3.2328800611714	2.40451331823077	2.30516170406112	1	3.85049690673265
3.85049690673265	3.53032171958799	3.1706435778856	3.34089777871879	3.2328800611714	2.40451331823077	1	3.93616251731099
3.93616251731099	3.85049690673265	3.53032171958799	3.1706435778856	3.34089777871879	3.2328800611714	1	3.74576430620882
3.74576430620882	3.93616251731099	3.85049690673265	3.53032171958799	3.1706435778856	3.34089777871879	1	3.24815897926019
3.24815897926019	3.74576430620882	3.93616251731099	3.85049690673265	3.53032171958799	3.1706435778856	1	3.75122285517542
3.75122285517542	3.24815897926019	3.74576430620882	3.93616251731099	3.85049690673265	3.53032171958799	1	3.98699315559235
3.98699315559235	3.75122285517542	3.24815897926019	3.74576430620882	3.93616251731099	3.85049690673265	1	3.85696172367
3.85696172367	3.98699315559235	3.75122285517542	3.24815897926019	3.74576430620882	3.93616251731099	1	3.70710019525744
3.70710019525744	3.85696172367	3.98699315559235	3.75122285517542	3.24815897926019	3.74576430620882	1	3.32490123645995
3.32490123645995	3.70710019525744	3.85696172367	3.98699315559235	3.75122285517542	3.24815897926019	1	3.59000024207939
3.59000024207939	3.32490123645995	3.70710019525744	3.85696172367	3.98699315559235	3.75122285517542	1	3.73297905582985
3.73297905582985	3.59000024207939	3.32490123645995	3.70710019525744	3.85696172367	3.98699315559235	1	3.50882898729302
3.50882898729302	3.73297905582985	3.59000024207939	3.32490123645995	3.70710019525744	3.85696172367	1	3.54851876201417
3.54851876201417	3.50882898729302	3.73297905582985	3.59000024207939	3.32490123645995	3.70710019525744	1	3.4964565128108
3.4964565128108	3.54851876201417	3.50882898729302	3.73297905582985	3.59000024207939	3.32490123645995	1	3.88139660412734
3.88139660412734	3.4964565128108	3.54851876201417	3.50882898729302	3.73297905582985	3.59000024207939	1	4.1752306703458
4.1752306703458	3.88139660412734	3.4964565128108	3.54851876201417	3.50882898729302	3.73297905582985	1	4.11691229395254
4.11691229395254	4.1752306703458	3.88139660412734	3.4964565128108	3.54851876201417	3.50882898729302	1	4.31885807687325
4.31885807687325	4.11691229395254	4.1752306703458	3.88139660412734	3.4964565128108	3.54851876201417	1	3.94972313696377
3.94972313696377	4.31885807687325	4.11691229395254	4.1752306703458	3.88139660412734	3.4964565128108	1	4.07791804287421
4.07791804287421	3.94972313696377	4.31885807687325	4.11691229395254	4.1752306703458	3.88139660412734	1	3.80503577970065
3.80503577970065	4.07791804287421	3.94972313696377	4.31885807687325	4.11691229395254	4.1752306703458	1	3.14796896348242
3.14796896348242	3.80503577970065	4.07791804287421	3.94972313696377	4.31885807687325	4.11691229395254	1	3.15267759918601
3.15267759918601	3.14796896348242	3.80503577970065	4.07791804287421	3.94972313696377	4.31885807687325	1	2.86519484963128
2.86519484963128	3.15267759918601	3.14796896348242	3.80503577970065	4.07791804287421	3.94972313696377	1	2.42602628960532
2.42602628960532	2.86519484963128	3.15267759918601	3.14796896348242	3.80503577970065	4.07791804287421	1	2.76893065698582
2.76893065698582	2.42602628960532	2.86519484963128	3.15267759918601	3.14796896348242	3.80503577970065	1	2.38541602076852
2.38541602076852	2.76893065698582	2.42602628960532	2.86519484963128	3.15267759918601	3.14796896348242	1	2.77294507467371
2.77294507467371	2.38541602076852	2.76893065698582	2.42602628960532	2.86519484963128	3.15267759918601	1	3.10421402798767
3.10421402798767	2.77294507467371	2.38541602076852	2.76893065698582	2.42602628960532	2.86519484963128	1	2.95508700576288
2.95508700576288	3.10421402798767	2.77294507467371	2.38541602076852	2.76893065698582	2.42602628960532	1	3.38214067671922
3.38214067671922	2.95508700576288	3.10421402798767	2.77294507467371	2.38541602076852	2.76893065698582	1	3.06566742451913
3.06566742451913	3.38214067671922	2.95508700576288	3.10421402798767	2.77294507467371	2.38541602076852	1	2.78614152814042
2.78614152814042	3.06566742451913	3.38214067671922	2.95508700576288	3.10421402798767	2.77294507467371	1	2.84535806669028
2.84535806669028	2.78614152814042	3.06566742451913	3.38214067671922	2.95508700576288	3.10421402798767	1	3.17576905153249
3.17576905153249	2.84535806669028	2.78614152814042	3.06566742451913	3.38214067671922	2.95508700576288	1	2.98174201286629
2.98174201286629	3.17576905153249	2.84535806669028	2.78614152814042	3.06566742451913	3.38214067671922	1	3.13811912470621
3.13811912470621	2.98174201286629	3.17576905153249	2.84535806669028	2.78614152814042	3.06566742451913	1	2.81641119541433
2.81641119541433	3.13811912470621	2.98174201286629	3.17576905153249	2.84535806669028	2.78614152814042	1	3.00273485441923
3.00273485441923	2.81641119541433	3.13811912470621	2.98174201286629	3.17576905153249	2.84535806669028	1	3.96892101579247
3.96892101579247	3.00273485441923	2.81641119541433	3.13811912470621	2.98174201286629	3.17576905153249	1	3.70881722019656
3.70881722019656	3.96892101579247	3.00273485441923	2.81641119541433	3.13811912470621	2.98174201286629	1	3.09453884391779
3.09453884391779	3.70881722019656	3.96892101579247	3.00273485441923	2.81641119541433	3.13811912470621	1	3.28280430076418
3.28280430076418	3.09453884391779	3.70881722019656	3.96892101579247	3.00273485441923	2.81641119541433	1	3.26504491473106
3.26504491473106	3.28280430076418	3.09453884391779	3.70881722019656	3.96892101579247	3.00273485441923	1	3.459732009196
3.459732009196	3.26504491473106	3.28280430076418	3.09453884391779	3.70881722019656	3.96892101579247	1	3.79424273991193
3.79424273991193	3.459732009196	3.26504491473106	3.28280430076418	3.09453884391779	3.70881722019656	1	3.43530103377493
3.43530103377493	3.79424273991193	3.459732009196	3.26504491473106	3.28280430076418	3.09453884391779	1	3.6943217139528
3.6943217139528	3.43530103377493	3.79424273991193	3.459732009196	3.26504491473106	3.28280430076418	1	3.48750754897674
3.48750754897674	3.6943217139528	3.43530103377493	3.79424273991193	3.459732009196	3.26504491473106	1	3.03840270363901
3.03840270363901	3.48750754897674	3.6943217139528	3.43530103377493	3.79424273991193	3.459732009196	1	3.30858123524824
3.30858123524824	3.03840270363901	3.48750754897674	3.6943217139528	3.43530103377493	3.79424273991193	1	2.05961775281567
2.05961775281567	3.30858123524824	3.03840270363901	3.48750754897674	3.6943217139528	3.43530103377493	1	2.16954040091073
2.16954040091073	2.05961775281567	3.30858123524824	3.03840270363901	3.48750754897674	3.6943217139528	1	3.03367120715466
3.03367120715466	2.16954040091073	2.05961775281567	3.30858123524824	3.03840270363901	3.48750754897674	1	3.77709287817953
3.77709287817953	3.03367120715466	2.16954040091073	2.05961775281567	3.30858123524824	3.03840270363901	1	3.86010067948392
3.86010067948392	3.77709287817953	3.03367120715466	2.16954040091073	2.05961775281567	3.30858123524824	1	3.70349991362133
3.70349991362133	3.86010067948392	3.77709287817953	3.03367120715466	2.16954040091073	2.05961775281567	1	3.59757052296996
3.59757052296996	3.70349991362133	3.86010067948392	3.77709287817953	3.03367120715466	2.16954040091073	1	3.94447956648265
