   0.9997
  -0.8287
   0.8867
   0.6977
  -0.4701
   0.4278
  -0.3256
   0.9998
   0.6537
  -0.2751
  -0.3417
   0.0566
   0.3241
  -0.9195
   0.9998
   0.6633
  -0.6068
  -0.5438
   0.9265
  -0.9184
   0.1369
   0.9998
   1.0000
   1.0000
   0.0149
   1.0000
   0.7770
  -1.0000
   1.0000
  -1.0000
   0.7934
  -0.2589
   1.0000
   0.9857
  -0.9992
   0.9995
  -1.0000
   0.3638
  -0.9233
   1.0000
   0.4409
  -1.0000
   1.0000
  -0.9971
   0.4453
   0.2125
   1.0000
   1.0000
   1.0000
   0.0109
   1.0000
   0.8487
  -0.9999
   1.0000
  -1.0000
   0.6524
  -0.1045
  -1.0000
  -0.6037
   0.9998
  -1.0000
   0.9998
  -0.0214
   0.5653
   1.0000
   0.7178
  -1.0000
   1.0000
  -0.9659
   0.9301
  -0.9692
   1.0000
  -1.0000
   1.0000
   0.0158
   0.9983
   0.0687
  -0.3416
  -0.3779
  -0.4065
  -0.9969
   0.5483
   0.9915
   0.2953
   0.9150
   0.3475
   0.6566
   0.8739
   0.7030
   0.9805
   0.3053
  -0.1161
   0.2327
   0.6507
   0.1110
   0.9681
   0.9881
   0.7803
   0.7896
  -0.0095
