   9.9993e-01   9.9969e-01  -9.9995e-01   9.9999e-01  -9.9948e-01   9.9999e-01   9.9987e-01   9.9972e-01   9.9846e-01   9.9977e-01   9.9650e-01   9.9752e-01   9.9807e-01  -1.0000e+00  -9.9999e-01   9.9986e-01  -1.0000e+00   9.8922e-01   9.9967e-01   9.9936e-01   9.9908e-01   9.9916e-01   9.9944e-01   9.9987e-01  -9.9995e-01
   5.7269e-01  -2.5754e-01   6.1999e-01   6.0982e-01   6.5538e-01  -1.0024e-01   5.0408e-01   6.8734e-01   4.6761e-01   5.2408e-01  -3.2549e-01  -3.0622e-01   4.3098e-01  -5.2682e-01   4.4967e-01   5.5473e-01  -6.4547e-01   9.3978e-01  -8.2867e-01  -2.6238e-01   5.1053e-01   5.9746e-01  -1.1063e-01  -5.8389e-01   2.6603e-01
  -6.1180e-03  -3.1121e-01   3.1740e-01   9.1711e-01   9.6813e-01   7.1815e-01  -1.4808e-01  -9.2431e-01   8.1178e-01  -6.4931e-02   4.6220e-01  -8.4070e-01   8.0120e-02   2.6151e-01   8.3939e-01  -6.1898e-01  -1.5230e-02   5.7849e-01   8.8671e-01   5.1662e-01   8.0931e-01   3.5002e-01  -7.5628e-01  -8.4965e-01  -1.0041e-01
   3.8366e-01  -9.9228e-01   6.0848e-01  -6.6012e-01  -7.4725e-01  -3.3519e-01  -9.5757e-01  -2.7571e-01  -2.9022e-01   5.4788e-01   6.4559e-01  -8.1012e-01   8.0474e-01   1.9105e-01  -1.5808e-01   4.9128e-01   5.0744e-01  -5.3693e-01   6.9768e-01  -1.5463e-01   9.1166e-01  -8.2216e-01  -1.1246e-01   2.7389e-01   6.6846e-01
   1.0963e-01   7.4228e-01  -7.8866e-02   5.0167e-01   7.2929e-01   9.2931e-01   6.0258e-01  -5.0459e-02   1.8235e-01   2.9481e-01  -1.4976e-01   1.7383e-01   1.3266e-01  -1.9532e-01   1.3604e-01   7.9399e-01   3.6179e-01   6.9223e-01  -4.7007e-01   7.1727e-01   6.6235e-01   4.9873e-01   7.3281e-02   4.8290e-01   7.5085e-01
  -9.5785e-01   5.8662e-01   7.4442e-01  -1.3940e-01   2.9770e-01  -8.1014e-01   1.0554e-01  -8.9522e-01  -8.7987e-01  -7.1639e-01   2.5206e-01  -8.5703e-01  -5.2739e-01   4.3299e-01   3.1057e-01  -8.5677e-01   7.3119e-01   2.4039e-01   4.2784e-01   7.9384e-02   2.9599e-01   2.5484e-01   8.3717e-01  -4.2514e-02   2.4419e-01
   7.3345e-01   8.0188e-01   3.0919e-01   1.3179e-02   7.4971e-01   8.8022e-01  -5.9287e-01   1.0065e-02   4.5379e-01  -6.5913e-02  -6.2401e-01   5.2808e-01   7.6712e-01   2.6967e-01   2.7766e-01   3.5050e-01   2.6945e-01  -9.9643e-01  -3.2560e-01   2.5208e-02   8.4583e-01  -7.7711e-01   7.5099e-01  -7.0635e-01   6.2002e-01
   9.9310e-01   9.9989e-01   9.9996e-01   9.9999e-01   9.9459e-01   9.9996e-01   9.9967e-01  -9.9966e-01   9.9971e-01   9.9994e-01   9.9998e-01   9.9476e-01   9.9994e-01  -1.0000e+00   1.0000e+00   9.9983e-01   9.9999e-01  -9.9679e-01   9.9977e-01   9.9916e-01   9.9793e-01   9.9988e-01   9.9986e-01  -9.9965e-01   9.9990e-01
   3.4660e-01   7.5189e-01   8.3696e-01  -9.9801e-01   7.2715e-01   4.6540e-01  -7.1932e-01  -3.7670e-01  -3.1056e-01  -8.1580e-01   2.5709e-01   5.3658e-01   9.3241e-01   7.4556e-01   4.9129e-01  -3.1497e-01  -7.1770e-01   8.5035e-01   6.5370e-01   9.7217e-01   1.2695e-01  -7.2530e-02  -2.2863e-01  -3.3664e-01  -6.7113e-02
  -5.6745e-01  -4.2547e-01   7.9990e-01  -1.6262e-02   5.5872e-01  -6.3677e-01  -5.2242e-01  -1.8826e-01  -1.4381e-01  -4.7108e-01   6.2799e-01   6.5233e-01  -9.1708e-01  -7.5347e-04  -4.0544e-01  -1.7388e-01  -6.4176e-01   9.4464e-01  -2.7512e-01  -3.0522e-01  -9.3874e-01   2.6907e-02  -4.1178e-01  -1.8178e-01   8.6614e-02
  -9.7646e-01   3.5864e-01   8.3321e-01   2.9846e-01  -5.0350e-01  -7.6082e-01   7.6992e-01  -1.6894e-01   6.8037e-01  -5.7374e-01  -7.5842e-03   3.5392e-01  -6.7977e-01   5.3198e-01  -9.9197e-01  -6.3943e-01   9.8434e-01   1.9064e-01  -3.4170e-01   6.2468e-01  -4.9601e-01   4.3731e-01  -7.4676e-01   3.8942e-01   5.2663e-01
  -5.6397e-01   1.0469e-01   2.2461e-01  -9.9966e-01   2.1417e-01  -2.0729e-01  -1.3943e-01  -2.0704e-02  -4.0572e-01   7.9354e-01   7.1561e-01  -5.9969e-01  -5.0084e-02   6.1867e-01  -3.5764e-01  -3.2530e-01   5.1209e-01  -3.1098e-01   5.6637e-02  -5.1128e-01  -8.8288e-04   9.4244e-01   5.6414e-01   4.3712e-01   9.3828e-01
   1.7129e-01   1.8676e-01   4.6841e-01   8.2102e-01   6.1390e-01   4.4987e-01  -1.0525e-01   1.8007e-01   1.1722e-01   8.5066e-01  -8.4638e-01   4.1498e-01  -4.7084e-01   5.8929e-01  -2.7490e-01  -1.3477e-01  -2.7912e-01   7.4979e-01   3.2413e-01   7.4303e-01   6.4783e-01   3.3534e-01  -9.5279e-01  -6.0254e-01  -1.2452e-01
  -3.9083e-01   7.0092e-01   9.7858e-01   9.8268e-01  -8.0441e-01   9.5434e-01   7.5479e-01   5.9703e-01   7.2448e-01   6.4405e-01  -4.1519e-01   6.9709e-01   2.6412e-01   1.3785e-01  -9.3583e-01   7.4768e-01   4.8303e-02  -8.1764e-01  -9.1950e-01   6.5609e-01  -4.9525e-02   2.9771e-01  -4.8852e-01  -9.2428e-02   5.5778e-01
   9.9969e-01   9.9963e-01   9.9858e-01   9.9987e-01   9.9912e-01   9.9992e-01   9.9986e-01   9.9989e-01  -1.0000e+00   1.0000e+00   9.9903e-01   9.9413e-01   9.9990e-01   1.0000e+00   9.9987e-01   9.9987e-01   9.9999e-01   9.9777e-01   9.9982e-01  -9.9937e-01  -9.9899e-01   1.0000e+00   9.9975e-01   9.9995e-01   9.9993e-01
  -4.0228e-01   3.2424e-02   4.0251e-01   9.2222e-01   4.7284e-01   2.0439e-01   7.3598e-01  -4.4922e-01  -4.1638e-01   8.1590e-01   4.7475e-01   5.7930e-01  -7.8512e-01   7.7131e-01   6.1757e-01   3.0611e-01   5.7248e-01   4.6229e-01   6.6325e-01   1.8489e-01   9.5701e-03   7.0609e-03   9.2958e-01   7.3408e-01   9.2426e-01
   5.3428e-01   6.4323e-01  -6.1995e-01  -9.8259e-01   3.6144e-01  -1.9654e-01   6.2939e-01   5.4857e-01   8.0240e-01   4.8239e-01  -9.6155e-01  -1.0668e-01   6.4447e-01   1.8707e-01   9.9946e-01   7.1425e-01   6.1651e-01   5.3925e-01  -6.0679e-01   3.1086e-01   1.8658e-01  -4.5119e-01   9.9300e-01   6.6852e-01  -3.9782e-01
   4.7746e-01   5.1969e-01  -3.1189e-01   2.2211e-01  -4.1355e-01   9.6464e-01   6.1424e-02   4.3407e-02   4.4746e-01  -1.2194e-01  -9.2665e-01   2.9886e-01  -1.9705e-01   6.2806e-01   8.2764e-01   2.9000e-02  -6.5438e-01   3.7083e-01  -5.4383e-01   6.0767e-01   1.8303e-01   2.4247e-01   7.7519e-01  -4.4798e-02   1.4621e-01
   9.5735e-01  -3.4558e-01   1.6182e-01   9.8884e-01   9.4583e-01  -2.8057e-01  -5.6278e-02   4.3691e-01  -6.2666e-01  -5.7531e-01   6.6652e-02   9.8332e-01   4.0047e-01   8.9187e-01   9.7573e-01  -3.8153e-03   3.2366e-01  -3.2732e-01   9.2653e-01  -2.7220e-01   5.7297e-01  -9.4940e-01  -1.8377e-01   4.2472e-01   2.0551e-01
   6.0661e-01  -9.3023e-01   1.4565e-01  -8.3127e-01  -4.3406e-01   2.4714e-01  -9.8192e-02   9.8994e-01  -6.4776e-01  -3.1388e-01   3.7979e-01   2.5823e-01   8.4095e-01   8.9627e-01   4.6224e-01   8.4551e-01   8.7755e-01   2.5669e-01  -9.1839e-01   9.1928e-01   8.9322e-01  -7.3754e-01   1.2976e-03  -6.9860e-01   2.6255e-01
   9.0114e-01  -3.9391e-01  -1.7800e-01  -1.5873e-01   8.4796e-01   8.8507e-01   7.2204e-01   9.4255e-01   1.4136e-01   3.2875e-02  -9.9766e-01  -4.5449e-01   1.0640e-01   4.3704e-01   5.5830e-01  -9.6528e-01  -3.0305e-01  -5.8288e-02   1.3689e-01   5.1189e-01   1.2605e-01   8.6610e-02  -9.9048e-01  -6.0629e-02   7.3491e-01
   9.9923e-01   9.9997e-01  -9.9974e-01   9.9995e-01  -9.9777e-01   1.0000e+00   9.9992e-01   9.9997e-01   9.9921e-01   1.0000e+00   9.9982e-01   9.8597e-01   1.0000e+00  -9.9999e-01  -1.0000e+00   9.9996e-01  -1.0000e+00   9.6040e-01   9.9982e-01   9.9793e-01   9.9986e-01   9.9981e-01   9.9980e-01   9.9993e-01  -9.9996e-01
   9.9998e-01   9.9970e-01   9.9824e-01   9.9958e-01   9.9950e-01   9.9992e-01   9.9980e-01  -9.9755e-01   9.9979e-01   9.9998e-01   9.9026e-01   9.9768e-01   9.9654e-01  -1.0000e+00   9.9999e-01   9.9993e-01   1.0000e+00  -9.9961e-01   9.9999e-01   9.9950e-01   9.9997e-01   9.9996e-01   9.9986e-01  -1.0000e+00   9.9999e-01
   9.9993e-01   9.9831e-01   9.9200e-01   9.9999e-01   9.9999e-01   9.9803e-01   9.9990e-01   9.9892e-01  -9.9923e-01   9.9996e-01   9.9997e-01   9.9952e-01   9.9995e-01   1.0000e+00   1.0000e+00   9.9983e-01   1.0000e+00   9.9989e-01   1.0000e+00  -9.9977e-01  -9.9922e-01   1.0000e+00   1.0000e+00   9.9999e-01   9.9999e-01
  -2.7141e-03  -1.6670e-03   2.5918e-03   4.3831e-04   1.2354e-02  -1.3415e-02  -7.9055e-05   3.7029e-03  -1.3838e-03   2.0064e-03   2.1856e-02  -2.9723e-04  -1.4975e-03   5.7103e-03   1.0405e-02   5.5315e-03   1.0626e-02   8.1830e-03   1.4871e-02   5.4387e-03   1.9664e-03   9.5903e-03   1.1958e-02   1.1604e-02   1.3875e-03
   1.0000   1.0000   0.9988   0.9996   1.0000   0.9994   1.0000   1.0000   0.9981   0.9998  -1.0000   0.9999  -0.9898   1.0000   0.9999   0.9994   1.0000  -1.0000   1.0000   0.9997   1.0000   0.9995   0.9913   0.9998   0.9999
  -0.9901   0.7770   0.0010   0.2185   0.9994   0.9646   0.8679  -0.5793   0.9817   0.9939  -0.5152   0.4421  -0.3308   0.7942  -0.6663   0.9967   0.4882  -1.0000   0.0949   1.0000   0.9979   0.9993   0.9918   0.9960   1.0000
   0.9997  -1.0000  -0.9972   0.9978  -1.0000  -0.9996  -1.0000   1.0000  -0.9990  -1.0000  -0.9506   1.0000   1.0000  -0.9998   0.9996  -0.9994  -0.9993   0.8434   0.9999  -0.8122  -1.0000  -0.9994  -0.9999  -0.9755  -1.0000
  -0.9997   1.0000   0.9848  -0.9917  -0.8873   1.0000   1.0000  -0.9999   0.9789   0.2993   0.9785   0.1139  -0.9969   1.0000  -1.0000  -0.6311   0.9761   1.0000  -1.0000  -1.0000   1.0000   0.2004   0.0049  -0.9956  -0.2845
   0.9919  -1.0000  -0.9958  -0.9366   1.0000  -1.0000  -0.9991   1.0000   0.9987   0.9996  -0.9998  -1.0000   0.6905  -1.0000   1.0000   0.9999  -0.9994  -0.9989   1.0000  -1.0000  -1.0000   0.9997   1.0000   1.0000   0.9998
  -0.9828   0.7934   0.2445   0.9777  -0.0966   0.2798   0.9953  -0.5657  -0.8607  -0.1138  -0.4356   0.9998  -0.8784   0.9974  -0.0303  -0.9433  -0.2946   0.6841  -0.8135   1.0000   0.4313  -0.8481  -0.9853  -0.1292  -0.6965
   0.8860  -0.2589   0.6237   0.4201  -0.3873  -0.8560  -0.3910   0.4217  -0.4366  -0.1149   0.9183   0.3151   0.1412  -0.9879   0.2411  -0.0846   0.5003   0.6426   0.9995  -0.6748  -0.0290   0.5433   0.9084   0.7804   0.2022
   0.9990   1.0000   0.9997  -0.9997   1.0000   0.9972   1.0000   1.0000   1.0000  -0.9917   0.9999   1.0000   0.9976  -1.0000   1.0000   1.0000   1.0000  -0.1159   0.9988   0.9999   1.0000  -0.9998   0.9999   0.9998   1.0000
   0.2692   0.9857   1.0000   0.3113   1.0000   0.3260   0.3589   0.2649   0.7047  -0.9977  -0.7351   0.0053   0.9680   0.1861  -0.9655   1.0000   0.9990   0.9990  -0.8529   0.9275   0.5159  -0.9965   0.9995   1.0000   1.0000
   0.6878  -0.9992  -0.4140  -0.9998  -1.0000  -0.9982  -1.0000   0.9972  -0.9993   0.9983   0.9979   1.0000  -0.9989   0.9999   0.9986  -0.9994  -1.0000  -0.2197   0.9999   0.9492  -1.0000   0.9950  -0.9993  -0.9873  -0.9999
  -0.9997   0.9995   0.9990   0.9994  -0.5063   0.8764   1.0000  -1.0000  -1.0000   0.9683  -0.9968  -0.9607   0.9867  -0.9999  -0.9999   0.7689   0.9995  -0.9874  -0.9999  -0.9995   1.0000   0.9603   0.5767  -0.9888  -0.7690
   0.8577  -1.0000  -0.9987   0.8337   0.9999  -0.8800  -0.9996   1.0000   1.0000  -0.9999   0.9890  -0.9998  -0.9777   1.0000   0.9989   0.9997  -0.8986   1.0000   1.0000   0.4628  -0.9999  -0.9983   0.9998   0.9995   1.0000
  -0.7332   0.3638   0.2498  -0.9999  -0.8215   0.4451   0.3523  -0.7031  -0.9768   0.9422  -0.9699   1.0000  -0.1187  -0.9760  -0.9958  -0.7334   0.9023  -0.4854   0.2217   0.9992   0.1457   0.4169  -0.9827   0.3418  -0.6596
   0.7455  -0.9233   0.9945   0.3818  -0.4426  -0.8253   0.8699   0.7519   0.1490  -0.8022   0.8342   0.9576  -0.4507   0.5233   0.9729  -0.9479  -0.6943  -0.0385   0.9544   0.9975  -0.2246   0.8819   0.7404   0.9798  -0.9390
   1.0000   1.0000   0.9992   1.0000   1.0000  -0.9987   0.9987   1.0000   0.9984   1.0000   0.9905   0.9993   0.9999   0.9999   0.9121   0.9993   0.9919   0.9906   1.0000   1.0000   1.0000   0.9999   1.0000   0.9954   1.0000
   0.2060   0.4409   0.6507   0.1980   1.0000  -0.9546   0.9839  -0.5747   0.9983   0.9893  -0.7383  -0.9806   0.8819   1.0000   0.8238   0.4725   0.6531   1.0000  -0.0646   1.0000   0.7219   0.9997   0.9998   0.9968   0.9995
   0.9824  -1.0000  -0.9993   0.9986  -1.0000   0.9909  -1.0000   1.0000  -1.0000  -0.9974   0.9588   0.9999  -1.0000  -0.9999   0.9995  -0.9998  -0.9734   0.9911   0.9912  -0.6082  -0.9999  -0.9688  -0.9998   0.3605  -1.0000
  -0.9997   1.0000   1.0000  -0.9552   0.9523  -0.7118   1.0000  -1.0000   0.8478   0.3859  -0.9999  -0.9612   0.9999   1.0000  -0.9999   0.4857   0.9983  -0.9997  -1.0000  -1.0000   0.9994   0.1295  -0.5523  -0.9975   0.6648
   0.9998  -0.9971  -0.9998  -0.6372   1.0000   1.0000  -1.0000   1.0000   1.0000   0.9995   1.0000  -0.9995  -0.9995  -1.0000   1.0000   1.0000  -0.9981   0.9999   1.0000  -1.0000  -1.0000   0.9996   1.0000   0.9996   1.0000
   0.3191   0.4453   0.9205   1.0000  -0.9782  -0.9957   0.2543  -0.3118  -0.9827  -0.9928  -0.8859   0.9999   0.5201   0.1185  -0.5679  -0.7778   0.9645  -0.1141  -0.9990   0.9997   0.9994  -0.4537  -0.3970  -0.9779  -0.6062
   0.5982   0.2125  -0.9647   0.9554   0.9071   0.9946  -0.5646   0.1262  -0.8871   0.2906   0.2213   0.6685  -0.3984  -0.9790   0.6625   0.0972   0.9766   0.3089   0.7420   0.7865   0.7978   0.9719   0.2516   0.3053  -0.8791
   0.9995   1.0000   0.9999   0.9998   1.0000   0.9998   1.0000   1.0000   0.9853   0.9998  -0.9997   0.9999  -0.9965   1.0000   1.0000   1.0000   1.0000  -1.0000   1.0000   0.9997   1.0000   0.9999   1.0000   1.0000   1.0000
   0.9998   1.0000   0.9999  -0.9994   1.0000   0.9968   1.0000   1.0000   0.9898  -0.9999   0.9985   0.9991   1.0000  -1.0000   1.0000   1.0000   1.0000   1.0000   1.0000   1.0000   1.0000  -1.0000   1.0000   1.0000   1.0000
   0.9999   1.0000   0.9998   0.9998   1.0000  -0.9946   1.0000   1.0000   1.0000   1.0000   0.9992   1.0000   0.9968   1.0000   1.0000   0.9990   0.9985   1.0000   0.9999   1.0000   1.0000   0.9998   0.9995   0.9996   1.0000
  -0.0090   0.0109   0.0014  -0.0022   0.0059   0.0265   0.0042  -0.0007   0.0152  -0.0005   0.0079  -0.0079   0.0119   0.0242  -0.0045   0.0139  -0.0021   0.0118  -0.0120  -0.0063  -0.0004   0.0013  -0.0074  -0.0085   0.0187
   0.9994   0.9999   0.9953   1.0000   1.0000   1.0000   0.9995   0.9988   0.9999   0.9995  -0.9999   0.9962  -0.9912   1.0000   0.9995   0.9998   1.0000  -0.9961   1.0000   0.9927   0.9996   1.0000   0.9976   0.9998   0.9953
   0.9994   0.6926   0.2394  -0.8610   0.8384   0.9998   0.6232   0.9998   0.9999   0.9991   0.9895   0.8732  -0.9606   0.8487  -0.9570   0.9842  -0.5144  -0.9999   0.2201   0.9994   0.9999   0.9965   0.9999  -0.4084   0.3789
   0.4569  -0.9930  -0.9996   1.0000  -1.0000  -0.9999  -0.9990  -0.9600  -1.0000  -0.9998  -0.9987   0.9980   1.0000  -0.9999   0.9946  -0.9997   0.9972   0.9934   0.9943  -0.9376  -0.9998  -0.9979  -0.9971   0.9993  -0.9980
  -0.9485   1.0000   0.9997  -0.8748  -0.6166  -0.7736   0.9965  -0.9511  -0.5258   0.0393  -0.6228  -0.9602  -0.9989   1.0000  -1.0000   0.6364  -0.9982   0.9753  -0.9999  -0.9713   0.9983  -0.7712   0.8071  -0.9994   0.8914
   0.9995  -1.0000  -0.9858  -1.0000   0.9999   0.9994  -0.9975   0.9995   0.8903   0.9995   0.9989  -0.9998   0.2168  -1.0000   1.0000   1.0000   0.9976  -0.9958   1.0000   1.0000  -0.9998   0.9996   0.9956  -0.9981  -0.9999
  -0.8643   0.1549  -0.0973   0.8478  -0.7505  -0.6224   0.9718  -0.9984  -0.9756  -0.8744  -0.7778   0.9951  -0.8834   0.6524  -0.8342  -0.7784   0.2414  -0.4239  -0.7932   0.8574   0.8895  -0.9853  -0.0426   0.5811   0.3171
  -0.9284  -0.9917  -0.9125   0.9194  -0.7277   0.7700  -0.1692   0.1528   0.3259  -0.7155   0.8483  -0.5653   0.1621  -0.1045  -0.7259  -0.9439   0.9973   0.3937  -0.9957  -0.7879  -0.6467  -0.8823   0.0187   0.7834  -0.9179
   1.0000   0.9997   0.9999  -0.9990   1.0000   1.0000   0.9391   0.9896   1.0000  -1.0000   0.9997   0.9997   0.9999  -1.0000   0.9969   0.9946  -1.0000   0.9998   1.0000   0.9982   1.0000  -0.9745   0.9995   0.9998   1.0000
   0.9993   0.9833   0.9731   0.3940   1.0000   0.9974   0.9297   0.9958   0.9871  -0.9993  -0.6359  -0.8776   0.8829  -0.6037  -0.7341   1.0000   0.9915   0.9993  -0.4876   0.9995   0.3021  -0.9997   0.9814  -0.1563   0.9806
  -0.9984  -0.9998  -0.9985  -1.0000  -1.0000  -0.9999  -0.9999  -0.5182  -0.9996   0.9999  -0.0035   0.9961  -1.0000   0.9998   1.0000  -1.0000  -0.9997  -0.9951   0.9998  -0.0532  -0.9993   0.9488  -0.9997   1.0000  -0.9974
  -0.9998   1.0000   0.9764  -0.2358  -0.2048   0.1831   0.9999  -0.9644   0.8295  -0.5374   0.9603  -0.9554   1.0000  -1.0000  -0.9912  -0.7781   0.9985  -0.9858  -1.0000  -0.9444   0.9996   0.6268  -0.3522  -0.9742   0.9914
   1.0000  -1.0000  -0.9942   1.0000   1.0000   0.9974  -0.9961   0.9993   1.0000  -0.9978  -0.9989  -0.9991  -0.9982   0.9998   1.0000   0.9963  -0.9985   0.9988   1.0000   1.0000  -0.9999  -1.0000   0.9995   0.1948  -1.0000
  -0.0960   0.4784   0.9951  -0.9981  -0.6253  -0.8878   0.9721   0.7108  -0.8087   0.7902   0.9766   0.9998  -0.5390  -0.0214  -0.9936  -0.8609   0.9925  -0.1473   0.0856  -0.7128   0.2311   0.9999  -0.8702   0.9999   0.7978
   0.0907   0.0186  -0.7422   0.0486  -0.4923  -0.6826   0.5969   0.1888  -0.2826  -0.6885   0.3770   0.9600  -0.0210   0.5653   0.4086   0.9998   0.8696   0.9531   0.6016   0.5790  -0.1979  -0.7076   0.7305   0.1284   0.7341
   0.9999   0.9998   0.9997   1.0000   1.0000  -1.0000   0.9987   0.9937   0.9988   0.9999   0.9998   0.9997   0.9997   1.0000   0.9990   0.9996   0.9997   0.9989   1.0000   0.9997   0.9949   1.0000   0.9959   0.9989   0.9907
   0.9943   0.5537   0.9945   0.4907   1.0000  -0.9999   0.7398   0.9994   0.4561   0.9999  -0.8822  -0.9325   0.3197   0.7178   0.8223   0.9987   0.6042   0.9958  -0.7022   0.9481   1.0000   0.9989   0.9963   0.4785   0.9536
  -0.9999  -0.9987  -0.9993   1.0000  -1.0000   1.0000  -0.9998  -0.1384  -0.9999  -0.9948   0.9999   0.9999  -0.9984  -1.0000   0.9472  -0.9999   0.9976   0.2259   1.0000  -0.7621  -1.0000  -0.9959  -0.9987   1.0000  -0.9985
  -0.9967   0.9859   0.9981  -0.7395   0.6580  -0.1425   0.9998  -0.9835   0.1623  -0.9541   0.9868   0.5497   0.9634   1.0000  -0.9943   0.0671  -0.9944  -0.8621  -0.9990  -0.7341   0.4539   0.5910  -0.9071  -0.9994   0.9909
   0.9999  -0.9999  -0.9999  -0.9960   1.0000  -0.9999  -0.9979   1.0000   0.9997   0.9967  -0.9999  -0.9990  -1.0000  -0.9659   1.0000   0.9791   0.9974   0.9909   0.9994   0.9999  -0.9892   0.9994   0.9977  -0.9708  -0.9973
   0.1816   0.9714   0.7031   0.9917  -0.6598   0.3754  -0.3888  -0.5017  -0.3916  -0.3167  -0.2255   0.9986   0.5572   0.9301   0.3919  -0.6034  -0.7670  -0.9958  -0.9363  -0.9999   0.9183   0.4517  -0.9793   0.9999   0.5843
   0.7634   0.0539   0.4336   0.1029   0.9839   0.1613  -0.1952   0.9920  -0.0830   0.2368  -0.9427   0.8955  -0.8903  -0.9692   0.9049  -0.5864   0.9986   0.3339   0.1033   0.7977   0.2666   0.7954   0.6215  -0.1477  -0.5430
   0.9999   0.9517   0.9982   0.9999   1.0000   1.0000   0.9996   0.9990   1.0000   0.9957  -0.9987   0.9998  -1.0000   1.0000   0.9980   0.9994   0.9971  -0.9970   1.0000   1.0000   0.9999   1.0000   0.9998   1.0000   0.9995
   1.0000   0.9997   0.9980  -1.0000   0.9996   0.9999   0.9997   1.0000   1.0000  -0.9996   1.0000   1.0000   1.0000  -1.0000   0.9990   0.9999  -1.0000   0.9977   1.0000   0.9864   0.9999  -0.9993   0.9983   1.0000   0.9986
   0.9991   1.0000   1.0000   1.0000   1.0000  -1.0000   0.9975   0.9860   0.9878   0.9998   1.0000   1.0000   0.9998   1.0000   0.9988   1.0000   0.9997   1.0000   1.0000   1.0000   0.9999   0.9988   0.9999   0.9990   0.9997
   0.0057   0.0104   0.0131  -0.0016   0.0087   0.0070   0.0024  -0.0029   0.0077   0.0055   0.0184  -0.0036   0.0118   0.0158   0.0028   0.0109  -0.0004  -0.0004   0.0141   0.0021   0.0081   0.0017  -0.0030  -0.0008   0.0074
   0.9755   0.9589  -0.9974   0.9902   0.8592   0.9916   0.9750   0.9939   0.9531   0.9894  -0.9920   0.9926   0.9779  -0.9650  -0.9605   0.9961   0.9900   0.9997   0.9983   0.8679   0.9182   0.9998   0.9507  -0.9983   0.9886
  -0.6906  -0.3207   0.3890   0.5194   0.3681   0.2715   0.2702  -0.4666   0.5341   0.4239  -0.2656   0.2477  -0.1996   0.1100   0.8828   0.4431   0.0604   0.3154   0.0687   0.8206   0.8981   0.6656   0.9356   0.7309  -0.1773
   0.1046   0.4514   0.7759  -0.3040   0.5125   0.7143   0.8237   0.4684   0.5026  -0.3612   0.9441   0.3446   0.1912  -0.2777   0.6850   0.2458   0.1561   0.8953  -0.3416   0.4029  -0.5964   0.7256  -0.2154   0.7493  -0.3793
   0.8120   0.1592  -0.3107   0.9949   0.6973   0.0849  -0.0689   0.8565  -0.0473  -0.5337   0.7266   0.2900   0.0459   0.2162   0.5761   0.9841   0.1175  -0.2525  -0.3779   0.1205  -0.0264  -0.0346  -0.4879   0.4213  -0.4311
  -0.5379   0.1506  -0.3867  -0.5707   0.9276  -0.2928   0.0998  -0.0516   0.1907  -0.2960   0.7494   0.3653  -0.4781  -0.1863  -0.7506   0.4751   0.1247  -0.2360  -0.4065   0.0615   0.6601   0.5714  -0.1657   0.3374  -0.0123
  -0.6064   0.9159   0.8722  -0.2271   0.7475  -0.7069   0.8941   0.5269   0.0461  -0.1555   0.7096  -0.1413   0.4696   0.5131   0.4386   0.5673  -0.4510  -0.9219  -0.9969   0.5073  -0.3165   0.4982  -0.1174   0.5120  -0.3393
   0.5107   0.5529   0.5096   0.0458   0.8849   0.6678  -0.2445   0.9586   0.4832   0.2616   0.0102   0.3420   0.9438   0.4138   0.6194  -0.2236   0.4378   0.6511   0.5483   0.1041  -0.8250   0.5559   0.9656   0.7391   0.2529
   0.9726   0.9701   0.9895   0.9962   0.9998   0.9695   0.9458   0.9803   0.9871   0.9549   0.9929  -0.9825   0.9971  -0.9837   0.8321  -0.9382   0.9928   0.8624   0.9915   0.9994   0.9226   0.9635   0.6506   0.9751   0.9987
   0.9524   0.0475   0.6631  -0.4356  -0.5857  -0.8278   0.2788   0.6534  -0.2864  -0.5581   0.2037   0.9245   0.4097  -0.3624   0.6926   0.1095   0.2039   0.4529   0.2953   0.7674   0.3464  -0.2211   0.3861   0.8697   0.3403
  -0.2159   0.6994   0.7168   0.5245  -0.7574   0.4512   0.1390  -0.4869   0.2712   0.3367   0.5198   0.5210  -0.1142   0.6018   0.0951   0.0120  -0.4085   0.2150   0.9150   0.4300   0.9268  -0.8078  -0.4121   0.9623  -0.0544
  -0.5650   0.2376  -0.2375  -0.1538   0.4194   0.9297  -0.0609  -0.9990  -0.6920  -0.4302   0.9258   0.8140   0.5812   0.0939   0.6066   0.6763  -0.4381   0.3238   0.3475   0.4104  -0.2798  -0.5150   0.9893   0.8420  -0.8808
   0.5243   0.9025   0.3614   0.7555  -0.3976   0.1877  -0.1657   0.9841  -0.3415   0.7828   0.7348   0.4745   0.8550   0.4159  -0.0354  -0.0697   0.1056   0.3173   0.6566   0.3343   0.2504  -0.4956   0.9661   0.8019   0.0257
   0.2146  -0.4107  -0.2025   0.9628  -0.7342   0.6760  -0.3858  -0.4607   0.2282   0.0208   0.2277   0.2578  -0.9021  -0.3161  -0.3201   0.4212   0.2361  -0.0705   0.8739   0.1229   0.6635  -0.3364  -0.0513   0.0852  -0.7260
   0.4875   0.9614   0.7744   0.9872   0.9314   0.5859   0.9590   0.0592   0.9177   0.5434   0.6455   0.8541   0.9368  -0.6349  -0.0481   0.2643   0.3587   0.7224   0.7030   0.9613   0.2085   0.7545  -0.1251   0.8404   0.0548
   0.8280   0.8781   0.9261   0.9960   0.9806   0.9121   0.9734   0.8663   0.9870   0.9749   0.9797   0.9833   0.9566   0.8605   0.9999   0.7654   0.9887   0.9975   0.9805  -0.9873  -0.9953   0.9430   0.9965   0.9972   0.9935
   0.3724   0.9195   0.3721   0.2532   0.9065   0.9493   0.0706   0.4306   0.2185   0.4992   0.1423   0.8928   0.5477   0.3874   0.9324   0.2570   0.5991  -0.1891   0.3053   0.8765   0.9838   0.1846  -0.8212   0.7981   0.5125
   0.6217  -0.9544   0.3564   0.2608   0.6942  -0.7623  -0.6594   0.3837  -0.3945   0.4024   0.9173   0.2509   0.3102   0.4331   0.9868   0.0586   0.8948  -0.9155  -0.1161   0.4941   0.1082   0.4651   0.9434   0.5058   0.6910
  -0.3388  -0.3535   0.0698  -0.7997  -0.7964  -0.7263   0.2428   0.3854   0.5482   0.9419  -0.2073   0.3421  -0.8440   0.4328   0.1123  -0.1139   0.8213   0.0749   0.2327   0.4351  -0.5788   0.7667  -0.4207   0.0319   0.9997
   0.9187  -0.4897   0.0498   0.7785   0.4028   0.7713   0.8547  -0.3803   0.6098   0.4404   0.8286   0.5765   0.2704   0.7533  -0.0952   0.1167   0.7517   0.6903   0.6507  -0.2454   0.4803   0.6585  -0.1821   0.4591   0.6497
   0.2455  -0.7509   0.9413  -0.4965   0.0244  -0.1265  -0.6765  -0.3482  -0.3849  -0.0811   0.2632   0.0788   0.4394   0.0393   0.5856  -0.3160  -0.0612   0.8229   0.1110   0.7639   0.8311  -0.4495  -0.0960   0.2581   0.5844
  -0.4827  -0.5040   0.1711   0.7509   0.7737  -0.2946   0.6246  -0.2458   0.9815  -0.2450  -0.1807   0.5692   0.7878   0.2204   0.5652   0.0184   0.8453   0.6773   0.9681   0.6689  -0.5978   0.8486   0.1773   0.7339   0.8272
   0.9919   0.9038  -0.9172   0.9843   0.6595   0.8853   0.8107   0.9304   0.9771   0.9953  -0.9096   0.9979   0.9600  -0.9754  -0.9659   0.8964   0.9959   0.9438   0.9881   0.7242   0.9991   0.9120   0.9767  -0.9993   0.9135
   0.9247   0.9666   0.9207   0.5508   0.9972   0.7898   0.9634   0.9774   0.6068   0.6430   0.9942  -0.6289   0.9964  -0.7622   0.9089  -0.9964   0.9864   0.8515   0.7803   0.9979   0.9991   0.9170   0.9957   0.5793   0.6095
   0.7857   0.8408   0.7484   0.9988   0.9881   0.9792   0.8384   0.7434   0.9993   0.9603   0.6666   0.9582   0.6299   0.9701   0.8451   0.9330   0.5372   0.8529   0.7896  -0.9259  -0.6462   0.7814   0.9503   0.9762   0.9979
  -0.0011  -0.0031   0.0017  -0.0057  -0.0126  -0.0013  -0.0049  -0.0012  -0.0103   0.0016   0.0008   0.0019  -0.0134   0.0025   0.0056   0.0077  -0.0044  -0.0088  -0.0095   0.0013   0.0063  -0.0094  -0.0026   0.0009  -0.0048
