   3.6982
   3.8355
   3.5374
   3.1430
   2.8654
   1.9582
   1.5298
   1.4259
   1.4907
   1.7850
   1.7567
   1.6840
   1.6857
   1.3637
   1.0511
   0.9116
   1.1482
   1.1616
   1.4773
   1.2245
   1.0457
   0.9630
   0.8490
   0.8982
   0.6580
   0.6026
   1.3667
   1.7018
   2.4206
   2.5282
   2.6668
   2.4890
   2.3997
   2.2820
   2.4906
   2.5889
   2.6753
   2.9227
   2.7969
   3.2662
   2.5179
   2.4918
   2.5509
   2.9052
   3.0486
   3.0069
   2.9727
   2.6849
   2.5807
   2.4002
   2.5025
   2.7848
   3.0251
   3.3600
   3.0306
   3.3601
   3.3078
   3.5294
   3.4173
   3.5201
   3.5075
   3.5851
   3.5785
   3.2287
   3.2077
   2.9512
   3.0656
   2.4612
   2.1994
   2.4747
   2.9629
   2.7081
   2.2178
   2.3104
   2.5560
   2.5168
   2.4476
   2.5414
   2.5825
   2.9804
   2.9028
   2.5685
   1.8974
   2.3652
   2.5515
   2.6316
   2.0617
   1.9531
   1.7995
   2.1109
   1.9925
   1.6282
   1.5757
   2.0444
   1.9023
   1.6375
   1.6179
   1.6857
   1.3854
   1.2256
   1.2862
   1.2267
   1.4412
   1.5406
   1.5148
   1.0018
   1.2053
   1.2052
   1.5744
   1.5089
   1.8574
   1.9264
   1.5830
   1.4223
   1.4247
   1.5505
   1.3951
   1.6769
   2.6363
   2.7189
   2.2894
   1.9046
   1.9100
   1.5866
   1.5785
   1.9599
   1.8689
   1.5352
   1.7252
   1.8842
   0.9187
   0.7042
   0.9873
   1.2609
   1.6717
   1.9279
   2.2253
   2.2514
   2.4016
   3.0066
   3.2226
   3.0918
   3.3113
   3.6893
   3.7786
   3.6049
   3.2511
   3.5849
   3.8269
   3.7552
   3.5492
   3.3218
   3.4868
   3.6056
   3.4614
   3.4086
   3.4180
   3.7142
   3.9413
   3.9510
   4.0662
   3.8560
   3.9299
   3.7146
   3.2395
   3.1021
   2.9331
   2.5617
   2.6914
   2.4884
   2.7147
   2.9476
   2.9578
   3.1749
   3.0423
   2.8292
   2.7861
   3.1144
   2.9655
   3.0329
   2.8164
   2.9648
   3.6569
   3.6256
   3.0825
   3.1395
   3.2764
   3.3745
   3.5692
   3.3948
   3.5239
   3.4120
   3.1047
   3.1789
   2.3378
   2.2527
   2.8482
   3.6174
   3.5920
   3.5128
   3.4874
   3.6878
   4.0864
   3.5546
   3.0882
   2.7603
   1.7466
   1.1559
   1.7197
   1.1789
   2.1557
   2.0428
   1.4482
   1.8813
   1.0723
   0.8025
   0.9789
   0.8795
   1.3765
   1.3971
   1.5178
   0.5803
   1.1077
   0.5011
   0.8088
   0.8300
   0.2403
   1.5717
   1.8718
   2.2029
   3.3442
   1.9361
   2.8226
   1.9216
   2.2118
   2.4786
   2.6789
   2.6948
   3.1007
   2.8125
   3.0698
   2.9974
   1.5600
   3.3919
   2.1696
   3.6200
   3.1366
   2.8129
   2.8203
   2.1964
   2.5544
   2.3242
   3.0059
   3.1402
   3.4629
   3.2725
   2.9467
   3.8021
   2.9194
   4.0366
   3.1928
   3.7339
   3.5206
   3.6560
   3.2686
   3.0520
   3.1494
   2.7204
   2.9089
   1.6641
   2.8532
   2.8490
   2.9429
   2.2786
   2.1701
   2.4727
   2.4369
   2.6584
   2.5960
   2.4896
   2.9798
   3.1723
   2.2781
   2.0352
   1.8563
   2.9833
   2.3126
   2.6671
   1.4527
   1.8829
   1.7717
   2.3816
   1.4259
   1.6360
   1.9679
   1.9177
   1.5472
   1.7929
   1.3864
   1.3516
   1.1546
   1.2879
   1.1149
   1.3994
   1.7713
   1.2918
   1.0991
   0.8034
   1.4256
   1.1450
   2.0902
   1.4647
   2.2964
   1.2264
   1.3124
   1.4237
   1.2253
   1.6442
   1.5306
   2.8850
   2.9533
   2.0277
   2.1165
   1.2993
   1.5029
   1.4730
   2.2198
   1.9191
   1.4209
   1.8179
   1.7618
   0.7552
   0.4064
   1.2430
   0.7550
   2.1421
   2.2422
   1.9733
   2.5158
   2.0295
   3.1038
   3.3908
   2.9091
   3.5486
   3.6088
   3.7032
   3.8095
   3.1759
   3.3874
   4.1291
   3.5912
   3.9038
   3.2383
   3.2672
   3.8793
   3.3697
   3.5923
   3.4990
   3.5594
   4.2778
   3.9508
   4.1915
   3.9820
   3.6211
   4.0683
   2.8967
   3.1864
   3.0220
   2.3002
   2.9086
   2.6623
   2.3734
   3.5907
   2.6508
   3.3538
   3.2659
   2.3677
   3.0511
   2.9270
   3.1147
   3.0061
   3.0867
   2.5681
   4.0186
   3.7784
   2.9075
   3.3521
   3.0652
   3.1779
   4.0398
   3.4128
   3.3947
   3.7445
   2.6725
   3.3683
   2.4308
   1.5584
   3.6422
   3.2710
   4.2183
   3.6589
   3.3817
   3.6854
   4.0793
   3.5464
   3.0845
   2.7636
   1.7541
   1.1700
   1.7331
   1.1897
   2.1568
   2.0364
   1.4424
   1.8767
   1.0717
   0.8054
   0.9835
   0.8854
   1.3758
   1.3936
   1.5097
   0.5776
   1.1074
   0.5044
   0.8113
   0.8291
   0.2418
   1.5717
   1.8641
   2.1907
   3.3233
   1.9234
   2.8120
   1.9200
   2.2129
   2.4802
   2.6770
   2.6901
   3.0943
   2.8056
   3.0659
   2.9890
   1.5633
   3.3927
   2.1740
   3.6138
   3.1276
   2.8068
   2.8164
   2.1988
   2.5567
   2.3276
   3.0052
   3.1348
   3.4541
   3.2611
   2.9428
   3.7964
   2.9180
   4.0294
   3.1896
   3.7296
   3.5176
   3.6523
   3.2651
   3.0528
   3.1502
   2.7242
   2.9075
   1.6693
   2.8582
   2.8512
   2.9350
   2.2709
   2.1710
   2.4763
   2.4362
   2.6536
   2.5922
   2.4869
   2.9768
   3.1647
   2.2727
   2.0336
   1.8656
   2.9858
   2.3100
   2.6576
   1.4533
   1.8867
   1.7776
   2.3793
   1.4230
   1.6358
   1.9704
   1.9148
   1.5426
   1.7906
   1.3883
   1.3517
   1.1556
   1.2900
   1.1162
   1.3990
   1.7668
   1.2872
   1.0942
   0.8065
   1.4270
   1.1461
   2.0824
   1.4595
   2.2877
   1.2207
   1.3112
   1.4261
   1.2289
   1.6422
   1.5290
   2.8800
   2.9389
   2.0133
   2.1093
   1.3055
   1.5094
   1.4785
   2.2211
   1.9148
   1.4157
   1.8164
   1.7619
   0.7531
   0.4119
   1.2512
   0.7609
   2.1362
   2.2296
   1.9617
   2.5036
   2.0230
   3.0982
   3.3808
   2.8982
   3.5400
   3.6038
   3.6963
   3.8006
   3.1713
   3.3895
   4.1277
   3.5863
   3.8961
   3.2358
   3.2697
   3.8787
   3.3667
   3.5881
   3.4966
   3.5585
   4.2720
   3.9427
   4.1835
   3.9754
   3.6199
   4.0656
   2.8978
   3.1902
   3.0268
   2.3053
   2.9122
   2.6631
   2.3751
   3.5857
   2.6456
   3.3469
   3.2585
   2.3654
   3.0501
   2.9288
   3.1114
   3.0021
   3.0819
   2.5685
   4.0161
   3.7689
   2.8977
   3.3489
   3.0680
   3.1788
   4.0342
   3.4059
   3.3907
   3.7399
   2.6722
   3.3690
   2.4313
   1.5677
   3.6473
   3.2707
   4.2018
   3.6426
   3.3735
   3.6926
   3.8192
   3.6120
   3.3067
   3.0564
   2.2298
   1.7634
   1.5550
   1.5096
   1.6884
   1.6909
   1.6704
   1.6957
   1.4359
   1.1361
   0.9739
   1.1215
   1.0904
   1.3675
   1.1878
   1.0735
   0.9917
   0.8746
   0.8662
   0.6466
   0.5901
   1.2100
   1.5165
   2.1814
   2.3872
   2.6375
   2.5354
   2.4986
   2.3621
   2.5087
   2.5739
   2.6564
   2.8935
   2.8264
   3.2390
   2.6367
   2.6224
   2.6208
   2.9003
   2.9795
   3.0114
   3.0229
   2.7978
   2.6977
   2.4980
   2.5497
   2.7545
   2.9702
   3.2895
   3.0769
   3.3957
   3.3581
   3.5538
   3.4522
   3.5767
   3.5593
   3.6377
   3.6304
   3.3461
   3.3189
   3.0763
   3.1363
   2.5945
   2.3564
   2.5223
   2.8996
   2.6790
   2.3225
   2.4189
   2.5845
   2.5116
   2.4571
   2.5654
   2.6072
   2.9399
   2.8983
   2.6528
   2.0937
   2.4474
   2.5246
   2.5799
   2.1276
   2.0800
   1.9025
   2.1102
   1.9706
   1.6820
   1.6343
   2.0120
   1.8703
   1.6590
   1.6608
   1.7104
   1.4208
   1.2695
   1.2973
   1.2197
   1.3796
   1.4724
   1.4779
   1.0627
   1.2331
   1.1918
   1.4805
   1.4276
   1.7774
   1.8644
   1.6248
   1.4887
   1.4737
   1.5369
   1.3757
   1.6243
   2.4418
   2.5757
   2.3078
   2.0528
   2.0511
   1.6855
   1.6143
   1.8974
   1.8264
   1.5665
   1.7429
   1.8712
   1.0385
   0.8292
   1.0059
   1.1677
   1.4821
   1.7802
   2.1166
   2.2093
   2.3975
   2.9210
   3.1454
   3.0927
   3.3312
   3.6874
   3.7695
   3.6581
   3.4000
   3.6616
   3.8311
   3.7722
   3.6239
   3.4681
   3.5753
   3.6379
   3.5141
   3.4751
   3.4983
   3.7335
   3.9202
   3.9658
   4.0974
   3.9581
   4.0206
   3.8232
   3.4167
   3.2525
   3.0680
   2.6973
   2.7519
   2.5612
   2.7238
   2.9120
   2.9595
   3.1566
   3.0935
   2.9306
   2.8758
   3.1379
   2.9874
   3.0582
   2.8967
   3.0236
   3.5801
   3.5881
   3.1817
   3.2654
   3.3678
   3.3922
   3.5502
   3.4489
   3.5736
   3.4923
   3.2352
   3.2621
   2.5447
   2.4131
   2.8330
   3.4602
   3.4638
   3.5331
   3.5905
