1	3	0.160108
2	3	0.159874
3	3	0.16034
4	3	0.159835
5	3	0.160145
6	3	0.159921
7	3	0.159891
8	3	0.160012
9	3	0.15992
10	3	0.159822
11	3	0.160384
12	3	0.16115
13	3	0.160019
14	3	0.160038
15	3	0.160337
16	3	0.159831
17	3	0.159811
18	3	0.161374
19	3	0.159796
20	3	0.160026
21	3	0.161341
22	3	0.159886
23	3	0.160016
24	3	0.15986
25	3	0.160062
1	7	0.722216
2	7	0.611654
3	7	0.664205
4	7	0.765119
5	7	0.656378
6	7	0.637363
7	7	0.611843
8	7	0.691276
9	7	0.678962
10	7	0.658071
11	7	0.703396
12	7	0.761443
13	7	0.633501
14	7	0.62827
15	7	0.709499
16	7	0.675652
17	7	0.621793
18	7	0.842032
19	7	0.692891
20	7	0.876497
21	7	0.612111
22	7	0.659717
23	7	0.659792
24	7	0.695147
25	7	0.655721
1	8	0.62886
2	8	0.566489
3	8	0.559081
4	8	0.696892
5	8	0.59785
6	8	0.593536
7	8	0.561893
8	8	0.633154
9	8	0.61907
10	8	0.595135
11	8	0.783129
12	8	0.692279
13	8	0.593677
14	8	0.557358
15	8	0.629143
16	8	0.597234
17	8	0.624523
18	8	0.630646
19	8	0.623888
20	8	0.633056
21	8	0.573811
22	8	0.601351
23	8	0.596343
24	8	0.713024
25	8	0.562549
1	10	0.613394
2	10	0.612943
3	10	0.613046
4	10	0.613005
5	10	0.612926
6	10	0.612927
7	10	0.612919
8	10	0.61291
9	10	0.613011
10	10	0.612984
11	10	0.612922
12	10	0.612982
13	10	0.613147
14	10	0.613035
15	10	0.612901
16	10	0.612908
17	10	0.613059
18	10	0.613003
19	10	0.612886
20	10	0.612941
21	10	0.613033
22	10	0.612961
23	10	0.613074
24	10	0.613006
25	10	0.612984
1	0	0.15273
2	0	0.152681
3	0	0.152156
4	0	0.152641
5	0	0.154188
6	0	0.152285
7	0	0.152641
8	0	0.15201
9	0	0.152064
10	0	0.152133
11	0	0.152201
12	0	0.152277
13	0	0.152644
14	0	0.152998
15	0	0.152484
16	0	0.152377
17	0	0.152468
18	0	0.154833
19	0	0.152353
20	0	0.154011
21	0	0.152213
22	0	0.152172
23	0	0.152101
24	0	0.152138
